16 0.145000 0.644231 0.136667 0.277972
15 0.338333 0.685315 0.073333 0.143357
4 0.526667 0.625874 0.166667 0.206294
4 0.725833 0.526224 0.121667 0.129371
4 0.500833 0.448427 0.098333 0.117133
4 0.295000 0.437063 0.100000 0.111888
4 0.341667 0.261364 0.076667 0.089161
4 0.406667 0.172203 0.076667 0.036713
4 0.627500 0.381119 0.105000 0.104895
4 0.525000 0.278846 0.090000 0.064685
4 0.650000 0.260490 0.136667 0.031469
4 0.470833 0.214161 0.058333 0.036713
4 0.074167 0.085664 0.038333 0.027972
4 0.130833 0.116259 0.045000 0.040210
4 0.240000 0.121503 0.080000 0.026224
4 0.553333 0.229021 0.030000 0.045455
4 0.188333 0.102273 0.030000 0.029720
17 0.089167 0.132867 0.045000 0.062937
17 0.506667 0.347028 0.106667 0.068182
17 0.064167 0.494755 0.018333 0.129371
17 0.035000 0.082168 0.026667 0.041958
15 0.263333 0.233392 0.030000 0.047203
15 0.695000 0.677448 0.053333 0.120629
15 0.803333 0.465909 0.103333 0.061189
15 0.679167 0.299825 0.075000 0.022727
15 0.023333 0.125874 0.016667 0.031469
4 0.280000 0.160839 0.070000 0.048951
18 0.806667 0.801573 0.033333 0.197552
18 0.410000 0.221154 0.016667 0.064685
18 0.460833 0.246503 0.021667 0.066434
18 0.349167 0.175699 0.015000 0.064685
18 0.506667 0.188811 0.013333 0.062937
4 0.735000 0.365385 0.116667 0.104895
19 0.170833 0.411713 0.015000 0.019231
19 0.324167 0.510490 0.021667 0.017483
19 0.346667 0.564685 0.023333 0.031469
19 0.695833 0.557692 0.021667 0.020979
