16 0.141667 0.631993 0.133333 0.281469
17 0.065000 0.511364 0.023333 0.180070
17 0.820000 0.599650 0.133333 0.227273
17 0.364167 0.336538 0.078333 0.124126
17 0.035833 0.086538 0.031667 0.050699
18 0.073333 0.745629 0.036667 0.197552
18 0.560833 0.392483 0.025000 0.127622
18 0.120833 0.226399 0.021667 0.089161
18 0.325833 0.178322 0.018333 0.083916
18 0.250833 0.140734 0.021667 0.054196
18 0.345833 0.174825 0.018333 0.062937
18 0.515000 0.197552 0.026667 0.076923
18 0.404167 0.194930 0.021667 0.057692
20 0.523333 0.291084 0.110000 0.078671
15 0.343333 0.674825 0.066667 0.139860
15 0.699167 0.673077 0.065000 0.132867
15 0.909167 0.620629 0.045000 0.125874
15 0.137500 0.418706 0.035000 0.036713
15 0.610833 0.296329 0.065000 0.043706
15 0.689167 0.291084 0.081667 0.026224
4 0.522500 0.630245 0.165000 0.208042
4 0.301667 0.431818 0.123333 0.111888
4 0.453333 0.354021 0.090000 0.050699
4 0.497500 0.441434 0.108333 0.124126
4 0.640000 0.389860 0.116667 0.122378
4 0.736667 0.363636 0.116667 0.101399
4 0.473333 0.219406 0.066667 0.068182
4 0.243333 0.234266 0.066667 0.087413
4 0.119167 0.110140 0.058333 0.045455
4 0.644167 0.255245 0.131667 0.041958
4 0.578333 0.216783 0.083333 0.034965
18 0.144167 0.355769 0.038333 0.026224
