16 0.136667 0.620629 0.126667 0.269231
15 0.351667 0.674825 0.053333 0.122378
15 0.702500 0.676573 0.058333 0.111888
15 0.319167 0.616259 0.031667 0.099650
15 0.605833 0.462413 0.041667 0.082168
15 0.324167 0.288462 0.015000 0.055944
15 0.051667 0.107517 0.013333 0.022727
15 0.799167 0.464161 0.091667 0.047203
15 0.156667 0.397727 0.050000 0.047203
15 0.671667 0.292832 0.096667 0.040210
20 0.420000 0.272727 0.056667 0.094406
20 0.528333 0.305070 0.096667 0.117133
4 0.295833 0.468531 0.115000 0.167832
4 0.527500 0.620629 0.165000 0.209790
4 0.628333 0.368007 0.126667 0.078671
4 0.496667 0.446678 0.096667 0.124126
4 0.425000 0.383741 0.050000 0.120629
4 0.425000 0.171329 0.103333 0.034965
4 0.734167 0.354895 0.128333 0.108392
4 0.639167 0.258741 0.145000 0.038462
4 0.121667 0.111888 0.060000 0.038462
4 0.306667 0.174825 0.093333 0.066434
18 0.217500 0.201049 0.021667 0.076923
18 0.709167 0.437063 0.021667 0.125874
18 0.045833 0.458916 0.025000 0.117133
17 0.821667 0.606643 0.143333 0.241259
17 0.362500 0.334790 0.061667 0.127622
4 0.244167 0.113636 0.108333 0.041958
17 0.036667 0.080420 0.033333 0.038462
