18 0.157500 0.805070 0.041667 0.190559
18 0.020833 0.579545 0.038333 0.166084
18 0.965833 0.538462 0.025000 0.139860
18 0.055000 0.091783 0.010000 0.040210
18 0.300833 0.148601 0.011667 0.055944
18 0.350000 0.185315 0.010000 0.062937
18 0.503333 0.181818 0.010000 0.066434
18 0.180833 0.122378 0.008333 0.048951
15 0.152500 0.208042 0.025000 0.052448
15 0.239167 0.219406 0.025000 0.050699
15 0.384167 0.323427 0.031667 0.055944
15 0.173333 0.451049 0.030000 0.013986
15 0.315000 0.618881 0.023333 0.094406
15 0.355833 0.682692 0.071667 0.131119
15 0.695833 0.675699 0.058333 0.134615
15 0.797500 0.444930 0.108333 0.043706
15 0.678333 0.297203 0.073333 0.017483
15 0.115000 0.132867 0.016667 0.038462
15 0.258333 0.136364 0.040000 0.031469
15 0.201667 0.145979 0.020000 0.026224
4 0.075833 0.090909 0.031667 0.034965
4 0.126667 0.112762 0.053333 0.043706
4 0.205000 0.095280 0.040000 0.015734
4 0.420000 0.168706 0.120000 0.036713
4 0.475000 0.220280 0.073333 0.062937
4 0.299167 0.462413 0.118333 0.166084
4 0.521667 0.618881 0.173333 0.199301
4 0.499167 0.449301 0.108333 0.129371
4 0.452500 0.351399 0.101667 0.052448
4 0.630000 0.382867 0.126667 0.118881
4 0.735000 0.356643 0.116667 0.097902
4 0.643333 0.262238 0.150000 0.041958
4 0.550000 0.236014 0.040000 0.048951
4 0.618333 0.227273 0.080000 0.017483
4 0.465000 0.139860 0.070000 0.013986
19 0.150833 0.171329 0.011667 0.010490
19 0.238333 0.175699 0.010000 0.012238
19 0.092500 0.418706 0.021667 0.022727
19 0.170833 0.406469 0.015000 0.022727
19 0.382500 0.270105 0.008333 0.012238
19 0.327500 0.503497 0.025000 0.020979
19 0.350833 0.568182 0.028333 0.041958
17 0.285000 0.251748 0.060000 0.090909
17 0.035000 0.083916 0.026667 0.041958
16 0.143333 0.613636 0.136667 0.286713
17 0.785833 0.570804 0.138333 0.222028
19 0.697500 0.563811 0.031667 0.029720
